
--- cd_acao ---cd_acao
2103    12363
2005     6580
2113     5878
2009     5852
2102     4055
2119     1680
2107     1525
2128     1486
2116     1413
2142     1340
2117     1319
2006     1218
2163     1192
2027     1141
2256     1115
2011     1100
2177     1072
2201      930
2170      919
2123      864
2129      858
2026      805
2109      801
2130      765
2159      749
2173      665
2146      660
2010      649
2164      648
2122      642
2195      631
2001      625
2219      609
1023      607
2106      546
2151      520
2217      507
2028      431
2157      423
9         420
2252      419
2161      414
2249      411
2111      393
2224      366
2248      362
2024      360
2004      359
2188      359
2120      351
2245      348
2190      346
2112      332
2167      324
2134      322
2191      276
2019      275
6         241
2131      240
5         233
2178      233
1036      185
2246      185
2225      183
2143      172
2158      171
2155      166
2247      165
2251      163
2255      162
2101      155
2137      154
2244      153
2152      147
2215      118
1         114
2200      109
2154      108
3         107
2020      106
2220      105
2199      104
8          90
1050       89
4          83
2243       81
2179       76
2022       76
2110       70
2253       67
2          66
1043       66
2214       64
2105       58
2115       57
7          54
2241       54
2002       53
2029       51
2021       51
2023       49
1052       45
2203       40
2033       39
2240       39
2207       38
10         36
2160       36
2172       35
2232       33
2132       33
2003       32
2230       26
2196       26
2222       26
2189       25
2193       25
1057       21
1017       21
1021       20
2239       19
1038       19
2104       18
2114       18
1026       14
2233       12
1035       12
2032        9
2108        9
1018        9
1063        8
2254        8
2223        6
1012        6
1046        6
1064        4
1034        3
1024        3
1010        3
1027        3
2153        1