
--- COD_PROGRAMA ---COD_PROGRAMA
150.0     1
2825.0    1
3706.0    1
3703.0    1
3521.0    1
3519.0    1
3518.0    1
3500.0    1
2990.0    1
2931.0    1
2930.0    1
2832.0    1
2831.0    1
2811.0    1
3708.0    1
2701.0    1
2630.0    1
2629.0    1
2628.0    1
2627.0    1
2626.0    1
2625.0    1
2624.0    1
2623.0    1
2622.0    1
2621.0    1
3707.0    1
3709.0    1
200.0     1
4808.0    1
5400.0    1
5305.0    1
5304.0    1
5303.0    1
5302.0    1
5300.0    1
5201.0    1
5127.0    1
5126.0    1
5005.0    1
4809.0    1
4807.0    1
3815.0    1
4806.0    1
4805.0    1
4704.0    1
4200.0    1
4114.0    1
4113.0    1
4004.0    1
4001.0    1
3937.0    1
3936.0    1
3935.0    1
2619.0    1
2618.0    1
2617.0    1
1048.0    1
1316.0    1
1223.0    1
1222.0    1
1221.0    1
1206.0    1
1202.0    1
1201.0    1
1052.0    1
1051.0    1
1050.0    1
1049.0    1
1047.0    1
2604.0    1
947.0     1
946.0     1
944.0     1
942.0     1
941.0     1
932.0     1
930.0     1
815.0     1
800.0     1
600.0     1
303.0     1
1317.0    1
1318.0    1
1319.0    1
1320.0    1
2513.0    1
2512.0    1
2510.0    1
2508.0    1
2507.0    1
2505.0    1
2101.0    1
2033.0    1
2032.0    1
2031.0    1
2030.0    1
1820.0    1
1819.0    1
1817.0    1
1814.0    1
1811.0    1
1801.0    1
1730.0    1
1729.0    1
1724.0    1
1714.0    1
1711.0    1
1612.0    1
9999.0    1