
--- COD_PROGRAMA ---COD_PROGRAMA
930.0     18
1730.0    16
3708.0    14
3815.0    14
1222.0    14
3936.0    13
4807.0    12
800.0     12
1317.0    10
2628.0     9
2627.0     9
150.0      9
303.0      9
2832.0     8
2831.0     8
3707.0     8
4113.0     8
1820.0     8
4704.0     8
1316.0     8
2618.0     8
815.0      8
946.0      8
941.0      8
5300.0     7
3703.0     7
2701.0     7
3935.0     7
2622.0     7
2617.0     7
2604.0     7
4200.0     7
4809.0     7
2032.0     7
1819.0     7
3500.0     7
3937.0     6
1811.0     6
5005.0     6
1801.0     6
4806.0     6
5304.0     6
1729.0     6
5303.0     6
5302.0     6
2623.0     6
2621.0     6
947.0      5
3706.0     5
2811.0     5
942.0      5
2626.0     5
5201.0     5
4001.0     5
932.0      5
1051.0     5
2030.0     5
1711.0     4
1714.0     4
1612.0     4
4114.0     4
1049.0     4
3518.0     4
1319.0     4
4805.0     4
5305.0     4
1221.0     4
5126.0     3
3521.0     3
5400.0     3
1201.0     3
2624.0     3
2033.0     3
2930.0     3
1320.0     3
1817.0     3
200.0      3
2619.0     3
1814.0     3
2825.0     3
1047.0     3
2625.0     2
1048.0     2
3709.0     2
944.0      2
2513.0     2
2512.0     2
1202.0     2
2507.0     2
1724.0     2
600.0      2
4808.0     2
2031.0     2
2508.0     2
3519.0     1
5127.0     1
1050.0     1
2505.0     1
2510.0     1
4004.0     1
1206.0     1
2629.0     1