
--- COD_PRODUTO ---COD_PRODUTO
1892.0    1
2150.0    1
2342.0    1
2543.0    1
2630.0    1
2633.0    1
1894.0    1
2055.0    1
2234.0    1
2393.0    1
2350.0    1
2459.0    1
2609.0    1
2116.0    1
2125.0    1
2135.0    1
2626.0    1
2348.0    1
1863.0    1
2504.0    1
2188.0    1
2189.0    1
2214.0    1
2636.0    1
1861.0    1
2494.0    1
2361.0    1
2343.0    1
2385.0    1
2391.0    1
2424.0    1
2438.0    1
2528.0    1
2619.0    1
2163.0    1
2165.0    1
2204.0    1
1847.0    1
2308.0    1
2357.0    1
2641.0    1
2338.0    1
2339.0    1
1845.0    1
1848.0    1
2250.0    1
1849.0    1
1850.0    1
1851.0    1
1852.0    1
1853.0    1
1857.0    1
2307.0    1
2305.0    1
2304.0    1
2303.0    1
2302.0    1
2295.0    1
2294.0    1
2293.0    1
2292.0    1
2283.0    1
2162.0    1
2267.0    1
2265.0    1
2264.0    1
2262.0    1
2256.0    1
2252.0    1
2187.0    1
2186.0    1
2153.0    1
2662.0    1
2457.0    1
2483.0    1
2550.0    1
2552.0    1
2554.0    1
2557.0    1
2469.0    1
2587.0    1
2472.0    1
2476.0    1
2479.0    1
2524.0    1
2568.0    1
2577.0    1
2435.0    1
2432.0    1
2429.0    1
2666.0    1
2519.0    1
2505.0    1
2378.0    1
2370.0    1
2365.0    1
2563.0    1
2533.0    1
2488.0    1
2327.0    1
2325.0    1
2322.0    1
2321.0    1
2624.0    1
2582.0    1
2447.0    1
2132.0    1
2177.0    1
1997.0    1
2037.0    1
2140.0    1
2380.0    1
2382.0    1
2384.0    1
2299.0    1
2454.0    1
2300.0    1
2301.0    1
2537.0    1
2628.0    1
2629.0    1
2660.0    1
1889.0    1
1864.0    1
1995.0    1
1994.0    1
1993.0    1
1992.0    1
1991.0    1
1990.0    1
1977.0    1
2489.0    1
2590.0    1
2565.0    1
2559.0    1
2520.0    1
2465.0    1
2462.0    1
2458.0    1
1862.0    1
1867.0    1
2485.0    1
2413.0    1
2468.0    1
2473.0    1
2635.0    1
2410.0    1
2411.0    1
2412.0    1
2430.0    1
2466.0    1
2440.0    1
2362.0    1
2389.0    1
2395.0    1
2592.0    1
2442.0    1
2467.0    1
2461.0    1
1868.0    1
1970.0    1
1917.0    1
1937.0    1
1938.0    1
1946.0    1
1947.0    1
1951.0    1
1971.0    1
2446.0    1
1980.0    1
1981.0    1
2098.0    1
2105.0    1
1974.0    1
1985.0    1
2591.0    1
2593.0    1
2604.0    1
2616.0    1
2638.0    1
2639.0    1
2078.0    1
2083.0    1
2084.0    1
2086.0    1
2643.0    1
2621.0    1
2272.0    1
2274.0    1
2276.0    1
2279.0    1
1836.0    1
1838.0    1
2034.0    1
2033.0    1
2032.0    1
2031.0    1
1961.0    1
1960.0    1
1958.0    1
1957.0    1
1954.0    1
1950.0    1
2576.0    1
2573.0    1
2570.0    1
2569.0    1
2567.0    1
2566.0    1
2564.0    1
2221.0    1
2194.0    1
2193.0    1
2191.0    1
2254.0    1
2257.0    1
2263.0    1
2526.0    1
2057.0    1
2073.0    1
2206.0    1
2359.0    1
2224.0    1
2273.0    1
2418.0    1
2419.0    1
2420.0    1
2422.0    1
2247.0    1
2246.0    1
2245.0    1
2243.0    1
2239.0    1
2237.0    1
2233.0    1
2122.0    1
1975.0    1
2665.0    1
2285.0    1
2282.0    1
2255.0    1
2253.0    1
2249.0    1
2212.0    1
2605.0    1
2522.0    1
1855.0    1
2192.0    1
2151.0    1
2143.0    1
2144.0    1
2146.0    1
2147.0    1
2148.0    1
2149.0    1
2602.0    1
1856.0    1
2196.0    1
2199.0    1
2200.0    1
2358.0    1
2182.0    1
2183.0    1
2555.0    1
2390.0    1
2386.0    1
2383.0    1
2381.0    1
2379.0    1
1875.0    1
2649.0    1
2623.0    1
2000.0    1
1907.0    1
2109.0    1
2103.0    1
2102.0    1
1909.0    1
1883.0    1
1858.0    1
2486.0    1
2484.0    1
1915.0    1
2318.0    1
2360.0    1
2363.0    1
2366.0    1
2368.0    1
2280.0    1
2287.0    1
2315.0    1
2371.0    1
2326.0    1
2500.0    1
2501.0    1
2560.0    1
2562.0    1
2453.0    1
2356.0    1
2346.0    1
2159.0    1
2044.0    1
2659.0    1
2667.0    1
1987.0    1
2001.0    1
2002.0    1
2004.0    1
2296.0    1
2332.0    1
2297.0    1
2195.0    1
2205.0    1
2209.0    1
2223.0    1
2312.0    1
2316.0    1
2319.0    1
2320.0    1
2198.0    1
2071.0    1
2110.0    1
2111.0    1
2114.0    1
2178.0    1
2180.0    1
2663.0    1
2324.0    1
2053.0    1
2056.0    1
2139.0    1
2141.0    1
2152.0    1
2154.0    1
2065.0    1
2007.0    1
2005.0    1
2003.0    1
1928.0    1
1913.0    1
1876.0    1
1874.0    1
1873.0    1
1872.0    1
1929.0    1
2291.0    1
2289.0    1
2594.0    1
2121.0    1
1888.0    1
2329.0    1
2658.0    1
2129.0    1
2128.0    1
1914.0    1
2539.0    1
2547.0    1
2181.0    1
2185.0    1
1906.0    1
1910.0    1
1921.0    1
2059.0    1
1924.0    1
1976.0    1
1996.0    1
2027.0    1
2040.0    1
2052.0    1
2536.0    1
2535.0    1
2530.0    1
2527.0    1
2314.0    1
2062.0    1
2036.0    1
2259.0    1
2238.0    1
2219.0    1
1983.0    1
1982.0    1
1969.0    1
1965.0    1
1925.0    1
1923.0    1
1918.0    1
2058.0    1
1837.0    1
2127.0    1
2655.0    1
2572.0    1
2574.0    1
2575.0    1
2634.0    1
2653.0    1
2654.0    1
2006.0    1
2235.0    1
2017.0    1
2024.0    1
2099.0    1
2133.0    1
2124.0    1
2126.0    1
2571.0    1
2538.0    1
2508.0    1
2387.0    1
2372.0    1
2355.0    1
2345.0    1
2334.0    1
2226.0    1
2225.0    1
2107.0    1
2506.0    1
2317.0    1
2277.0    1
2270.0    1
2266.0    1
2258.0    1
2156.0    1
2028.0    1
2482.0    1
2474.0    1
2549.0    1
2271.0    1
2275.0    1
2437.0    1
2451.0    1
2456.0    1
2478.0    1
2546.0    1
2498.0    1
2517.0    1
2448.0    1
2449.0    1
2450.0    1
2043.0    1
2548.0    1
2544.0    1
2029.0    1
1899.0    1
1943.0    1
1945.0    1
1948.0    1
1973.0    1
1999.0    1
2022.0    1
1900.0    1
2541.0    1
1901.0    1
1902.0    1
2117.0    1
2118.0    1
2119.0    1
2120.0    1
1989.0    1
2130.0    1
1942.0    1
2170.0    1
2288.0    1
2290.0    1
2113.0    1
2166.0    1
2167.0    1
2169.0    1
2171.0    1
2652.0    1
2172.0    1
2173.0    1
2286.0    1
2310.0    1
2313.0    1
2481.0    1
2284.0    1
2278.0    1
2269.0    1
2222.0    1
2161.0    1
2433.0    1
2428.0    1
2340.0    1
2336.0    1
2335.0    1
2331.0    1
2330.0    1
2401.0    1
2400.0    1
2376.0    1
2373.0    1
1968.0    1
1941.0    1
2097.0    1
2020.0    1
2070.0    1
2137.0    1
2614.0    1
2008.0    1
2012.0    1
2013.0    1
2014.0    1
2072.0    1
1931.0    1
2088.0    1
2615.0    1
1878.0    1
1880.0    1
1916.0    1
1927.0    1
2136.0    1
2134.0    1
2661.0    1
2521.0    1
2513.0    1
2211.0    1
2210.0    1
2208.0    1
2207.0    1
2374.0    1
2281.0    1
2242.0    1
2240.0    1
2236.0    1
2216.0    1
2045.0    1
2042.0    1
1930.0    1
2074.0    1
1998.0    1
1952.0    1
1860.0    1
1869.0    1
1871.0    1
1877.0    1
1885.0    1
1949.0    1
1955.0    1
2656.0    1
1956.0    1
1959.0    1
2613.0    1
2158.0    1
2164.0    1
2168.0    1
1859.0    1
2599.0    1
2471.0    1
2417.0    1
2416.0    1
2077.0    1
1984.0    1
1953.0    1
1944.0    1
1940.0    1
1939.0    1
1936.0    1
1935.0    1
1933.0    1
1932.0    1
1926.0    1
1903.0    1
1839.0    1